14 11
248,200,128 179,59,85 192,178,24 110,153,15 135,121,226 149,38,96 118,171,155 173,128,210 231,5,133 17,25,128 76,218,158 26,29,231 32,13,11 122,114,213
145,4,104 167,85,233 239,176,181 121,114,171 159,172,127 243,212,189 165,185,170 65,250,73 109,161,191 35,236,152 213,53,246 207,142,31 176,191,198 47,75,223
210,14,177 27,253,99 240,185,251 40,230,25 196,47,168 76,221,61 28,14,186 169,105,21 185,136,194 190,118,30 139,13,136 154,77,130 89,13,35 98,34,194
248,216,92 159,126,51 174,32,1 95,39,49 10,62,135 244,227,95 101,255,1 162,121,222 230,17,42 69,12,76 2,11,213 22,226,64 125,181,72 51,238,148
127,186,8 88,169,162 45,199,173 164,36,60 123,157,229 146,21,173 24,47,53 220,223,33 71,230,245 169,157,84 147,165,59 17,25,199 53,89,165 89,54,92
10,145,164 139,0,120 0,5,164 125,102,112 7,16,1 247,240,93 138,195,178 23,182,31 250,221,170 234,225,159 123,204,98 171,12,101 44,107,241 25,33,195
77,43,88 244,62,247 179,242,48 138,242,93 88,156,123 130,220,31 10,241,112 65,126,162 209,104,209 152,105,225 158,60,237 220,254,221 35,214,39 89,100,70
2,83,130 128,198,177 171,177,21 96,228,232 38,216,19 43,81,175 0,160,34 46,172,15 103,147,25 186,23,94 54,93,133 17,46,218 110,81,194 208,253,235
117,113,167 34,170,109 63,224,167 131,108,164 194,78,238 151,196,239 165,225,58 104,116,218 222,95,68 129,58,131 216,207,99 242,41,64 122,151,249 68,117,138
178,68,75 239,10,241 75,53,219 60,82,146 251,224,111 3,231,229 25,167,112 69,163,220 117,253,108 33,67,247 245,215,135 1,100,79 128,80,174 14,252,133
169,80,141 163,3,141 153,217,109 20,42,236 20,71,253 23,153,125 181,5,152 157,148,160 31,134,78 223,229,91 98,165,43 99,43,147 83,48,62 76,17,120